W
[[-2.35477772  1.70204301  0.61801231 -1.8923951  -2.99648293]
 [-3.41942535 -1.6716948   1.90397887  0.59624167  1.77369799]
 [-2.44186821 -2.71182527 -2.49415444  1.0727335   2.53324365]
 [-0.05567335  0.56794252 -0.91848145 -0.80873529 -0.12873136]
 [-0.88152189  2.06792472 -2.49052408 -2.26524763  2.47704545]
 [-0.42043578  0.61824744 -4.96519837  0.08528622 -1.03209149]
 [-0.96708391 -3.17446148  1.69993295  1.89524945 -2.5415734 ]
 [-2.0953802   2.28970317 -1.59549294 -0.65450701 -0.17076828]
 [ 0.65534705 -2.00535848  0.52552765 -5.42507408  0.23913859]
 [ 2.73512756  1.47643602 -1.96563736  0.1545666  -2.29626549]
 [ 2.13688117 -2.13113991 -2.36034236  1.52924231 -3.42300162]
 [ 0.02706583 -2.54120795 -0.37108529 -0.652035   -1.3448663 ]
 [-2.51222966 -0.47746178 -1.22467888  1.80114123  1.9977663 ]
 [-2.62063968  0.52067987  1.03798396  1.54978249 -3.36489013]
 [-2.62656604  2.89307971  0.89875023 -1.36110909 -0.76825081]
 [ 2.46448834 -3.6982889   0.58530581 -3.24790951  0.2820022 ]]
V
[[-1.25496027  0.35545586  0.64878792 -0.54677873  0.50730209 -0.02174875
   0.33845544 -0.2281895  -0.21816231 -0.58114741  0.35483424  0.3885678
   0.30770883  0.03608636  0.56076659 -0.34310676]
 [-0.40551231  1.33417642  0.75290194 -0.27861235 -1.01978878  0.6657804
   0.17218967 -0.27991596 -1.12586021 -1.08585965  0.03016616 -0.2625023
   0.70475893 -0.91763193 -1.15851196 -0.17310731]
 [-0.45135755 -0.1888448  -0.59147515 -0.8902123   0.90023192  0.11718678
  -0.61184025 -0.38275222  0.75493817 -0.87772904  0.3445254  -0.04520009
   0.57063435 -0.78532457 -0.70188966  1.28601996]
 [-0.6317007   0.43371322  0.4627798  -0.89824889  0.16271507  0.14847349
  -0.62478903  0.29857032 -0.16813945  0.74892832  0.02610695  1.2701439
   0.2543749   0.2789753   0.24314077 -0.3438895 ]
 [-0.52172141  0.63812497  1.37849503 -0.69665171 -0.76250027 -0.62686415
   0.52465103 -0.76228193 -0.80151564 -1.2695608  -0.42603651  1.07100194
   0.8994995   0.41419877 -0.84541105  0.04008728]
 [ 0.18140296 -0.0393753   1.44791496 -0.57358709  1.13361817  1.02221994
  -1.28448705 -0.18689975  1.26200963  0.07451766 -0.40136172  0.59888867
   0.76265995 -1.50620983  0.3518268   0.70400383]
 [ 0.12607845  0.40462228  0.08123969 -0.99380007 -0.30128463  0.97081969
   0.64856698  0.13417781 -0.74569275  0.77802173  0.32409794  0.40439296
  -0.15221345 -0.60276803 -0.46690643 -0.04130509]
 [-0.15648667 -0.57386762  0.51623717 -0.64223584 -1.14437422  0.11650077
   0.18063808 -0.17129395 -0.56392556  0.69203557 -0.39802035 -0.55526734
  -1.07416902  0.18214406 -0.38830228 -0.2435869 ]
 [ 0.59327855 -0.7022672  -0.29355569  0.26059166  0.85133734 -0.33769938
   0.1647831   0.09109977  0.34119542 -0.47584406  0.44725417  0.28466642
  -0.47158003  0.09586454 -0.92882849 -0.06445104]
 [ 0.17469298  1.29170869 -0.9433182   0.22808723 -0.16939334 -0.19014367
   1.34148239 -0.02200326  0.73966851 -0.88387693  0.29738125 -0.69182405
   0.55583434  0.75186111  0.11336993  0.64668239]
 [-0.09233606 -0.76943336 -1.44732771  0.46932162  0.60403925 -0.51948595
   0.75452556 -0.13560061  0.83903514  1.23131418 -0.27592472  0.68925715
  -1.03240142  0.21314295  0.77138718  0.9748569 ]
 [-0.89820395 -0.05851632  0.37405103 -0.51934855  0.96838827 -0.87931393
   0.44727086  0.86823616  0.93463813 -0.14133267 -0.59628191 -0.05556229
  -0.14853706 -1.5331061   0.50931456 -0.73021074]
 [ 0.98317143  0.25383119  0.45011113 -0.65805889 -0.9767994  -0.36026742
   0.27334986 -0.60673027  0.14847074 -0.54148002 -0.37591485 -0.43280084
   0.25174308 -0.2966456   0.19080581  0.86308641]
 [-0.48288416  0.28579576  0.06694562 -0.60652374 -1.23095839  0.59942895
   1.06605753  0.09087    -0.16742933  0.46476909  1.05592047 -0.17181875
   1.31906448  1.36327333 -0.61929442 -0.00544456]
 [-1.30214713  0.09045062  0.23194222  0.35496165  0.22078867  0.8395814
   0.58966274 -0.19173968 -1.30516446 -0.13581292  1.20613759  1.05197767
   1.37642305  1.03463356 -0.3711385   0.02156863]
 [ 1.63442109 -0.37016349  0.7160485   0.13377746 -0.0332757  -0.5531045
   0.68980645  0.91824643 -0.65713357 -1.04704938 -0.33719631  0.13676724
   0.24034211  0.7110135   1.24722017 -1.29625488]
 [ 1.04171727 -0.39775557 -0.2452527  -0.32708899  0.18897779  0.72123564
  -1.68468571 -0.05460043  0.69889485 -0.64700226 -0.89284515 -0.46671117
   0.7014858  -0.26926553 -0.53477417  0.90785953]
 [ 0.44921665  0.64353516  0.46187589 -0.46429792  0.17590232  0.77389803
   0.61057751  0.61575047 -0.62383281 -0.36924978  0.60734824  0.76988216
   0.84741803 -0.84913589 -0.09530603 -0.32359555]
 [-0.33039423  0.92532676 -1.06625764 -0.69207093  0.39687937 -0.51513345
   1.28894966 -0.80097055  1.07046758 -1.08052629  0.06554911  0.40369755
  -0.51727188  0.14539998  0.27698513  1.03320473]
 [ 0.03179243  0.01210508 -1.04236727  0.16503577 -0.74586591 -1.2216632
   0.97296424 -0.31123643  0.19583332  0.32051346 -0.62148545 -0.6001298
  -0.44785325  0.90236268 -0.19020506 -0.43891259]
 [ 0.92264388  0.26872233  0.64115676  0.8044429  -1.30427041 -0.97281582
  -0.06898723 -0.62960088  0.35753191 -0.13906796  0.3546408   0.6281364
  -0.773543   -0.27621184 -0.41571853 -0.46832068]
 [ 0.46341592 -0.24562908 -0.78355287 -0.70610985  0.71756006  0.6025274
  -0.70058841 -0.57855201 -0.46302549 -0.47194171  0.372346    0.98341573
   0.05763692  0.19148421  0.53802335 -0.49624415]
 [-0.44620328  0.94832812  0.19142093  0.49085535  0.90233991  0.06487837
  -0.64125058  0.38250495 -0.09542337 -0.26949128 -0.60338016 -0.06534575
  -0.19217691  0.97554471 -0.10781915 -0.26023982]
 [-0.51069981  0.35954034  0.34301465  0.23443013 -1.25405943  0.0290737
   1.06176211 -1.00688315  0.2320011   0.29017462 -0.10888912 -0.3026182
  -0.00504237 -0.57532997  1.09941947 -0.26095714]
 [ 0.11029976  0.89480231 -0.41130764  0.65188241 -0.30407143 -0.04492225
  -0.03362433 -0.90472816  0.579836   -0.3463187   0.23906582 -0.98518078
  -0.08480104 -0.25359131 -0.95480455 -0.821324  ]
 [ 0.64050842 -0.05045713 -0.52370206 -0.76378527 -0.06144715  1.1886786
  -1.41418788  1.86116797  0.64505987  0.92279173 -0.79319364  0.69947405
   0.6919593  -0.44716432  1.06910396 -1.60813439]
 [-1.16342064 -0.82416006  0.3552914  -0.35059586 -0.56333962  0.66945991
  -0.95870556  0.03419173  0.13840542  0.58133394  1.18879198 -0.46599013
  -1.24098596 -1.67508505 -1.28322694  1.31164102]
 [-0.26724478  1.35548617 -0.09814522 -0.80000492  0.51867537 -1.07256518
  -0.09113023  0.42857141  0.16210729 -0.18164934 -1.23263816  0.02625738
   0.22066065  0.39026025 -0.39302355  1.01295027]
 [ 1.69657339  0.2376652  -0.84240397 -0.88339826 -0.45361235 -0.09947257
  -0.15895357  0.69556447 -1.26955544  0.68582231  0.07142814  0.05769988
  -0.54670153  1.19020984  1.46604056 -1.47358115]
 [ 0.39825099  0.73598613 -0.25792198  0.98682814 -0.29404568  0.01552869
   0.77328728 -0.1513548  -0.74619135 -0.55997425  0.09554234  0.22802531
   0.87490409  0.12600055  0.99262583 -0.22738793]
 [-0.71616941 -0.28625074 -0.03883672 -0.56027911  0.52529461 -0.29427916
   0.52472099  0.71931321 -0.18265619  0.49464472 -0.19516136 -0.08159515
   0.94271266  0.70495225 -0.43328991  0.57860657]
 [-0.23047677 -0.50101033  0.25830794  0.63097688 -1.70356774  0.55470542
   1.05230203 -1.27127982  0.28583935  1.43105859  2.01252682 -0.1190413
   0.3881121  -0.74010113 -1.26279106 -0.60754486]
 [-0.41096994 -0.5828631  -0.73037796 -0.30508661  0.79916633  0.43716987
   0.59940838 -0.39642776 -0.79857442  1.46430574  1.04390371  0.99425845
  -0.64535778  0.50327544 -0.04630306 -0.73180308]
 [-0.21727845 -0.34658157  0.10516056 -0.63056775 -0.35378129  1.05779151
  -0.22183037  0.22063734  0.76753981 -0.30310616 -0.78004758  1.22212139
  -0.50759819 -0.61639715 -0.77834372 -0.18947781]
 [-0.52006682 -0.35224138 -1.47670037  0.37183566 -1.31049336 -1.36201279
   0.46211086 -0.48077502  1.24557025 -0.49632617  0.63121969  0.64747639
  -1.53545745 -0.13125255 -0.61806849  1.66908362]
 [ 0.00410683 -0.59458669  0.84714339 -0.1309347  -0.76904162  0.58762217
   0.12760854 -0.78763733 -0.01022444  0.89499857 -0.6842742   0.04398212
  -0.60544136  0.07414561  0.76641435 -0.74205221]]
Q
[0.34251532 0.06455535 0.01284216 0.46126235 0.38915689 0.68737085
 0.72665641 0.19588854 0.90675011 0.8530546  0.07304757 0.44332102
 0.15680318 0.14350751 0.71170882 0.38734987]
T
[0.73496505 0.72780633 0.96282378 0.30641734 0.69400488]
we try to predict class 1
class 1 = 0.9990000036467281
class 2 = 0.0006222161493479349
class 3 = 0.0005865227664691295
class 4 = 0.0007014168198409895
class 5 = 0.0006712873399150143
we try to predict class 2
class 1 = 0.0005881064968464756
class 2 = 0.9990738713200857
class 3 = 0.0005603906302043867
class 4 = 0.0005557988537052665
class 5 = 0.00036032580231076713
we try to predict class 3
class 1 = 0.0004436136443608531
class 2 = 0.0006434755320756603
class 3 = 0.9991189735936282
class 4 = 0.0004200574226324473
class 5 = 0.0005014380435939162
we try to predict class 4
class 1 = 0.0005042074822137571
class 2 = 0.00044049049961400146
class 3 = 0.00038771448664758144
class 4 = 0.9990647926612052
class 5 = 0.000631780951023014
we try to predict class 5
class 1 = 0.0005509876075735875
class 2 = 0.00047382158573374376
class 3 = 0.0004344503862773673
class 4 = 0.0004856676103593404
class 5 = 0.9990369838155991



W
[[-1.83517906  0.57038621 -1.52000841 -1.15342128 -1.47084779]
 [ 2.42207448 -0.37887854  2.28050606 -0.40570947 -4.9264865 ]
 [-0.53622144  0.26196393  0.2887413   0.17637131 -0.71305818]
 [-2.0689924  -0.12023567  0.23335992 -1.26999106 -1.25440275]
 [ 2.72631047 -3.53762461  0.66759701 -3.7419385   2.31341794]
 [-3.01626448 -2.24603704  0.93151054  1.52387377  0.99351118]
 [-2.03191682 -0.39445887  0.46506234  3.04121092 -2.34495444]
 [ 1.77653432 -3.49054115 -3.39522675  2.37954953  1.74710424]
 [-1.79013432 -2.19951269  3.06834732 -3.93588004  2.55490988]
 [-0.3115915   2.41194658 -2.15302863 -2.95879913  1.53929938]
 [ 0.80252503 -2.52831649  2.64037483 -0.7726302  -3.74240044]
 [-0.27222433  1.30225464 -1.16175439 -1.20513769  0.30265134]
 [ 1.77827587 -1.55349672 -1.8535935   0.9602487   1.46291784]
 [ 0.94691071 -2.06278847 -4.01182942  2.2835969  -0.95838803]
 [ 1.44039726  2.07993315 -2.52230357 -2.77116715 -3.13895963]
 [-4.93160651  2.09952373 -1.10816401 -0.32031781 -0.70729938]]
V
[[ 0.26833906 -0.4928927   0.69971511  0.06875796  0.49208509  1.05059731
   0.87824647  1.1081769   0.30829351  0.05839677 -0.73217568 -0.72261207
   0.68367428  0.36977953 -0.9474499   0.46760908]
 [ 0.65436473 -0.28353425 -0.71062415  0.58456675  0.35130834 -0.45177692
  -0.90319674 -0.38542733 -0.32111823  0.21770926 -0.08003788  0.68106727
   0.39599167  0.38413485  0.31483016 -0.42057306]
 [ 0.67623737 -0.01475553 -0.88807466  0.56737105  0.39638216 -0.1177655
  -0.46948792  0.97086126  0.46928299 -0.29424039  0.16761215 -0.16700182
   0.51413032 -0.35631723  0.56744083 -0.70186256]
 [ 0.28006115 -0.82560962 -0.004813    0.84916506  0.55096799  0.27171455
   0.06646195 -0.8428659  -0.08581071 -0.71838321  0.06853673 -0.22890518
   1.05658297 -0.61099605 -0.48336118  0.9141714 ]
 [ 0.830564   -0.08623634  0.43673587  0.55205922  0.62259971 -0.46010405
   0.52533824 -0.27655987  0.81586071  0.08901697  0.15204794  0.39364897
  -0.6597028   0.19200219 -0.70675732  0.86306504]
 [ 0.91428928 -0.3705577  -0.48466094  0.83754109 -0.29451445  0.74815349
  -0.13466274  1.73317591 -0.45652651 -0.95209714 -0.65415372  0.48213031
   0.60028929  0.79550548 -1.15286536 -0.42256576]
 [ 0.13220049  0.45165519 -0.29876841  0.14609674 -1.04062252 -0.95263687
  -0.81871358  1.32853804 -0.06919004  0.82695801 -0.70899874  0.65355558
   1.03579478  0.66353439  0.82838905 -0.78707537]
 [ 0.32208937 -0.17019345  0.08703712  0.40677279 -0.10479085  1.1514734
   0.77241761  0.63942605  1.21331036  0.53923517 -0.22504793  0.06715868
  -0.22262275  0.05047755 -0.27838181  0.44676499]
 [-0.91978721 -0.11499801 -0.31928973 -0.89436605 -0.36977195  0.74329986
  -1.18209528  0.09852346  0.24021975  0.41993329 -0.9208089  -0.58344323
  -0.74816869 -0.1085389   0.0628468   0.31483311]
 [-0.10749272 -0.74936614  0.79297518  0.02588109  1.27834247  1.07925281
  -0.38657163 -0.2574536   0.9864334   0.34385473 -0.4206618   0.54215121
  -0.25770823 -0.58814067 -0.95027202  0.10373452]
 [ 0.30524523 -0.33702221 -0.93599562  0.42544754  0.4803834   0.695506
  -0.36752485 -0.78789382  0.90109488  0.45595934  0.16620739 -0.18887932
   0.76088434  0.37657614 -0.90136017 -0.03285273]
 [ 0.92815319 -1.20002056  0.12862413  0.58988957  0.42109434 -1.18089784
  -1.120538    0.35646817 -0.65311626  1.36474089 -0.78562168  0.51646171
   0.10163809 -0.29043727  0.17234192  0.15923943]
 [ 0.87650968  1.16709044  0.66544538 -0.76597561  0.37308086  1.15513073
   1.02865494 -0.16865512  0.38472899 -1.56278569  0.9808939  -0.03614205
   0.79035074  0.52596263 -0.97894473 -0.09584924]
 [ 0.36476626 -1.01674878 -0.44056251 -0.9849581  -1.00141308  0.03556762
   1.18144359  0.18254785 -1.32121242 -1.21189227  0.75515054 -0.73542653
   0.80112538  1.42550389 -0.01593216  1.06029709]
 [ 0.8533677  -0.19854144  0.48858271  0.34524361 -0.88593298  0.47968737
   0.08362322  0.31720875 -1.16352764 -0.2882442  -0.98521915 -0.72052969
   0.42898002 -0.39008337 -0.59205335 -0.25476888]
 [ 0.09287867  1.13787233 -0.64272444  0.75724152 -0.8017768  -0.80189077
  -0.31725686 -1.28931203 -0.51793819  0.51850134 -0.39004933 -0.59673589
  -1.03455836 -0.74803987 -0.56624478  0.39499317]
 [ 0.9183012  -0.61239705 -1.10017507  0.96316931 -0.31458748  0.08108877
  -0.18385372  0.15437175 -0.61247521  0.45192832 -0.8227138   0.15744624
   0.10138599 -0.09142057  0.46755557  0.70184933]
 [ 0.55414057  0.81295682 -0.9530193  -0.20448613  0.3238793  -0.81552248
  -0.48751788  1.06316189  0.50796017  0.26267073 -0.3677521   0.42073113
   0.14950679 -0.52214634 -0.04994898 -1.1102559 ]
 [ 0.75497995  0.74975769  0.87360689 -0.41835893  1.300759    0.15459196
  -0.08870235 -0.35610173  0.03235363  0.00328969  0.87011784 -0.97129297
  -1.04766479 -0.38825629  0.05932778  0.85513123]
 [-0.26484097  0.90745849 -0.27869679  0.49780424 -0.33589704 -0.78016953
  -0.0709329  -0.14093457  1.00992175 -0.71268302  0.62773313  0.27292576
  -1.07995688 -1.14034464 -0.77507908  0.13322484]
 [-1.00588211 -0.1695538  -0.01202402  0.35727199  0.23854547 -0.57900056
   0.39952201 -0.92936583  0.24721888 -0.29403722  0.2738411   0.61225646
  -0.44741291 -0.99779989  0.86762457 -0.01896281]
 [-0.60653089  0.60256984 -0.42324894  0.54848901 -0.5726127  -0.2480356
  -0.41970253 -1.12326562 -0.58791467  0.09660917  0.01658103 -0.18205653
  -0.91967642 -0.78399922  1.00660139 -1.10952745]
 [-0.00178361 -1.07564672 -0.66636376  0.86230762 -0.55975297  0.24772396
   0.69561551 -0.32228462  0.46943287  0.36665129 -0.85946742 -0.19202877
  -0.75445574 -0.19464862 -0.77273784  1.03962224]
 [ 0.70819494  0.71865651  0.3554508  -0.81535933 -0.59398534  0.75796062
  -0.57507194  0.94399985  0.14056769 -0.47341968 -0.08679848 -1.31141111
  -0.11092835  0.64544325 -0.66362554 -0.58850355]
 [-0.71079325 -0.69251472 -0.22855785  0.88466534 -1.10123787  0.51279
   1.51181489 -1.22316678 -1.20887457 -0.01229741 -1.01336242  0.92088839
  -0.93764837 -0.79111477  0.13270706  0.9580319 ]
 [ 0.79768849  1.13241419  0.04282993  0.5424486   0.19659817 -0.60169499
   0.12632517  0.46928229 -0.20292369  0.17272951  1.24932321 -0.28292845
   1.13377192  1.19737211  0.4694715  -0.29953004]
 [ 0.0087343  -0.40009831  0.43657057 -0.6889815   1.3439821   0.6200151
   0.5344657   0.4465877  -0.72677329  0.33951243 -0.19698981 -0.25039203
   0.26381497  0.84383772 -0.57694517 -1.31485396]
 [-0.33832985 -0.77065229 -0.9040597  -0.46116284  0.93705419  0.22837927
  -1.16602384 -0.63748349  0.86664901 -0.44110164  0.57247864  0.10467153
   0.36804466 -0.43236589 -0.54464234  0.65723939]
 [ 0.62093189  0.82763708 -0.71148178 -0.16354765 -0.33719096  0.34146329
   0.99458198  0.81924717 -0.58196762 -1.22712823  1.46282752 -0.9506908
   0.32992724  0.24213288 -1.02254883 -0.88166255]
 [ 0.65364341 -1.11690465 -0.87679869 -0.53295894 -1.39594298 -0.26296743
   0.48735916 -0.84100948 -0.61457686  1.11598224 -0.69935605 -0.61378829
  -0.44229218  0.30516403  0.20271228  0.57794295]
 [ 0.64161637  0.13946141 -0.77448984  0.91284931  0.1399871  -0.33259382
  -0.3959525  -0.01236271  0.93108749  0.11481943  0.04695341 -0.93231276
   0.48921791  0.4447148   0.84062416 -0.61700806]
 [-0.02396037  0.0259328   0.40314739  0.33139532  0.82313264 -0.11151166
  -0.53756908  1.03283803 -1.08310229 -0.81930328  1.11960125 -0.01371428
   0.32168387  1.00890816 -0.738198   -1.2515435 ]
 [-0.34418093  0.2904126   0.217049   -0.83608523 -0.74652215 -0.2842418
  -0.01085231  0.65610763 -0.5033814  -0.10874877  0.68478552  0.09229976
  -0.13071071  1.0824182   1.13545292  0.81956026]
 [ 0.48945395  1.07778887 -0.76320325 -0.5024632   1.00774017  0.35070433
  -0.24371758  0.05846493 -0.58077614  0.19906234  0.66349862  0.07417793
  -0.45231717 -0.54878286 -0.5579822   0.72343858]
 [ 0.76443698  1.07567488 -0.42161951  0.87259131 -1.12880837 -0.76997434
  -0.14919791 -1.3381317  -0.34733354 -0.98532668  0.72158621  0.2838906
  -0.9154734  -0.06535388  1.34611031 -0.10438878]
 [-0.02350708  0.97285417  0.47059646  0.14674954  1.33281212 -0.07797629
   0.0234343   0.44329752 -0.37425873  0.04483642  0.81894313  0.26585872
   0.38114236  0.09892547  0.60768669 -0.99472879]]
Q
[0.23915943 0.92753427 0.46050906 0.39497607 0.57690401 0.69318895
 0.7905707  0.5913119  0.55939508 0.37184121 0.19107952 0.53005441
 0.35318943 0.06213261 0.92173438 0.47783624]
T
[0.0758704  0.03330207 0.01779331 0.70218451 0.36414288]

with noise 0%
we try to predict class 1
class 1 = 99.91%
class 2 = 0.06%
class 3 = 0.01%
class 4 = 0.05%
class 5 = 0.04%
we try to predict class 2
class 1 = 0.07%
class 2 = 99.91%
class 3 = 0.06%
class 4 = 0.06%
class 5 = 0.06%
we try to predict class 3
class 1 = 0.01%
class 2 = 0.03%
class 3 = 99.91%
class 4 = 0.07%
class 5 = 0.06%
we try to predict class 4
class 1 = 0.06%
class 2 = 0.04%
class 3 = 0.06%
class 4 = 99.9%
class 5 = 0.07%
we try to predict class 5
class 1 = 0.06%
class 2 = 0.05%
class 3 = 0.05%
class 4 = 0.04%
class 5 = 99.9%

with noise 10%
 X XX 
  X  X
  X  X
      
 XX X 
  X XX

we try to predict class 1
class 1 = 99.04%
class 2 = 0.02%
class 3 = 0.04%
class 4 = 1.39%
class 5 = 0.02%
XXXXX 
X X X 
  XXXX
X  XXX
X    X
 X XX 

we try to predict class 2
class 1 = 0.06%
class 2 = 72.15%
class 3 = 2.97%
class 4 = 2.14%
class 5 = 0.43%
X   X 
 XXXXX
X  X  
 XXXXX
   XXX
X  X  

we try to predict class 3
class 1 = 0.01%
class 2 = 0.56%
class 3 = 95.82%
class 4 = 0.03%
class 5 = 4.01%
X  XXX
XXX   
XXX   
    X 
    XX
XXX XX

we try to predict class 4
class 1 = 0.19%
class 2 = 0.01%
class 3 = 0.15%
class 4 = 99.76%
class 5 = 0.04%
 XXX X
XXXX X
  X XX
      
  XX X
  XXX 

we try to predict class 5
class 1 = 3.13%
class 2 = 1.58%
class 3 = 0.0%
class 4 = 0.44%
class 5 = 84.64%

with noise 20%
  X XX
XX   X
XXX X 
X XXXX
XX XXX
X  X X

we try to predict class 1
class 1 = 0.75%
class 2 = 0.02%
class 3 = 0.17%
class 4 = 91.69%
class 5 = 0.01%
   XXX
  XXX 
X  X  
X X   
 X XXX
 X XX 

we try to predict class 2
class 1 = 0.23%
class 2 = 0.01%
class 3 = 93.94%
class 4 = 0.71%
class 5 = 0.06%
XX XXX
X   X 
 XX X 
X XXXX
XXX   
     X

we try to predict class 3
class 1 = 0.41%
class 2 = 0.03%
class 3 = 0.01%
class 4 = 90.02%
class 5 = 6.26%
      
X XX  
  XX X
X    X
XXXXXX
   XX 

we try to predict class 4
class 1 = 6.85%
class 2 = 1.75%
class 3 = 6.63%
class 4 = 15.82%
class 5 = 0.24%
X X   
    XX
X    X
XXXXX 
 X   X
 XXX  

we try to predict class 5
class 1 = 15.01%
class 2 = 0.02%
class 3 = 11.59%
class 4 = 0.12%
class 5 = 0.09%